অগ্রদানী
আপশোশ
আবাহনি
আত্মসম্বন্ধীয়
আদিরসাক্ত
আচারপরায়ণ
আধোয়া
আজ্ঞাধীন
আবর্তমান
আত্মপ্রত্যাহার
আবরু-হুরমত
আশুগামী
আফলা
আরোগ্যাভিলাষী
আলোকদীপ্তি
আয়কর
আচারনিয়ম
আন্দাজি
আসন
আর্ষ
আত্মগোপনকারিণী
আত্মপ্রতিকৃতি
আরাধ্যমান
আশ্লেষ
আগম
আইনি
আনন্দস্রোত
আরদালি
আনন্দগীতি
আত্মপ্রশংসাকামী
আহমদ
আলো
আকুতি
আঁকিবুকি
আল্লাহ্‌তালা
আত্মানুসন্ধিৎসু
আধিব্যাধি
আমন্ত্রণলিপি
আথেব্যথে
আত্মসমাহিত
আঘ্রাণ
আস্থাশীল
আফিং
আত্মানুসন্ধানী
আয়ু
আংশিক
আঝাড়া
আকৈশোর
আভ্যন্তরীণ
আঘাতসংঘাত
আপ্তসত্য
আশ্রয়প্রার্থী
আগাগোড়া
আমেজ
আদা-জল
আচ্ছাদনী
আঁধারি
আয়াসকুণ্ঠিত
আদায়ি
আসন্নপ্রকাশ
আহেলা
আচার্যানী
আটা
আহ্বানকারী
আখমাড়াই
আড়কাঠি
আঘ্রাণগ্রহণ
আদিকবি
আদ্যক্ষর
আলজিভ
আঢাকা
আত্মোপাসক
আধ্যাত্মিক
আকিরিত
আয়ত
আশ্রয়রিক্ত
আধমরা
আদর্শব্যত্যয়
আখ্যানশিল্প
আশ্রয়ার্থী
আষাঢ়ে
আত্মবঞ্চক
আকাশগঙ্গা
আতরাফ
আরোহণ
আত্মসিদ্ধি
আভ্যন্তর
আফিম
আইডেন্টিটি
আত্মনিন্দক
আহবনীয়
আনন্দধাম
আর্থনীতিক
আকাশচুম্বী
আত্মপোষক
আনন
আয়াসসাধ্য
আত্মরতি
আবাল্যসঙ্গিনী
আহাম্মক
আতপ্ত
আর্যমহিমা
আক্ষেপার্তি
আলেম
আত্মবিচ্ছেদ
আনন্দাতিশয্য
আবাসিকা
আদিত্যমণ্ডল
আচারনিষ্ঠ
আঁকানো
আদম
আ
আত্মকৃত্য
আহাম্মকি
আবণ্টন
আত্মপক্ষপাত
আকর্ষণ
আবওয়াব
আলোয়ান
আইনসংগত
আকাশপথ
আত্মবিদ্বিষ্ট
আসবাবপত্র
আদিদেব
আলস্যজড়িমা
আবির্ভূত
আত্মবিভেদ
আপাদমস্তক
আটাশি
আশ্রিতপালন
আগ্রহব্যাকুল
আত্মাশ্রিত
আক্ষেপানুরাগ
আবহনিয়ন্ত্রণ
আদর্শ
আত্মসংহার
আরেব্বাস
আখ্যানধর্মিতা
আবিষ্কর্তা
আর-এক
আচার্যা
আঃ
আবিষ্কৃত
আবর্তনমুখী
আদিরূপ
আইনজীবী
আদিশূর
আলঙ্কারিক
আশ্বাসন
আলুথালু
আর্তস্বর
আরক্তদৃষ্টি
আলোকশিল্পী
আঁট
আত্মহত্যাকারী
আধখ্যাঁচড়া
আর্তরব
আত্মসংঘর্ষ
আত্মক
আওড়ানো
আদিপাপ
আত্মবাদ
আত্মোৎসর্গ
আইরিশ
আস্ফালনপ্রিয়
আশানুরূপ
আয়োডিন
আপৎস্বস্তি
আনন্দরূপিণী
আখ্যাত
আকাল
আখির
আচারপ্রিয়
আশাবরি
আমন্ত্রণকর্ত্রী
আমিরি
আত্মশুদ্ধি
আরোগ্যনিকেতন
আজ্ঞানুবর্তী
আন্‌জাম
আক্ষিপ্ত
আটকানো
আবিষ্ক্রিয়া
আশ্রম
আকম্পিত
আঁখিপাখি
আকচা-আকচি
আধেয়
আলপনা
আমলক
আনন্দবর্ধক
আলোচনী
আমকাসুন্দি
আত্মদর্শন
আরাধিতা
আরণ্যক
আয়োগ
আকুলিত
আদিভূতা
আত্মসংকীর্তন
আরব্ধ
আত্মসমর্পণেচ্ছু
আনুষ্ঠানিক
আসকে
আশঙ্কাকাতর
আকিঞ্চন
আকাশকুসুম
আত্মবিচ্ছেদক্লিষ্ট
আর্মেনিয়ান
আর্টিক্‌ল
আজন্মচর্চিত
আহারচেষ্টা
আদর্শবাদী
আত্মাভিমানিনী
আপৎকাল
আসনপিঁড়ি
আঙুর
আখরিয়া
আমোদ-প্রমোদ
আত্মজীবনচিত্র
আঁচানো
আত্মবিসর্জনকারী
আঞ্জাম
আত্মসংঘাত
আদিস্থ
আত্মীকরণ
আড্ডাবাজ
আলেকুমসালাম
আত্মস্বীকৃতি
আলোকন
আপ্ত
আর্টপেপার
আয়াসক্লান্ত
আরক্তচক্ষু
আমমোক্তারনামা
আত্মপ্রশংসাকারিণী
আরতি
আকাশচারিতা
আকীর্তিত
আহুতি
আঁশবঁটি
আনন্দরূপী
আশ্রয়ণ
আনন্দস্বরূপ
আলটপকা
আইন-আদালত
আরভমাণ
আটষট্টি
আখ্যানসূত্র
আমড়া
আত্মবিলোপ
আলটাকরা
আবিষ্করণ
আভরণপ্রিয়
আকীর্তন
আর্যশোণিত
আত্মতুল্যা
আত্মীয়বিবাদ
আত্মপক্ষ
আত্মসুখপ্রবণ
আগ্নেয়াস্ত্র
আশাব্যঞ্জক
আউটপোস্ট
আশুগতিশীল
আদাড়-পাদাড়
আজীবন
আটানব্বুই
আপেক্ষিক
আত্মপ্রকাশোৎসুক
আশ্রয়হারা
আলো-আঁধারি
আনুরূপ্য
আপ্তসুখ
আস্ফোটন
আঁশটে
আত্মপীড়নকারী
আক্‌দ্‌
আইসকিউব
আকাঙ্ক্ষা
আশমানি
আমন্ত্রয়িতা
আর্ষোক্তি
আবিষ্ট
আরাম
আর্জব
আনয়ন
আশ্রমগৃহ
আবহসৃষ্টি
আমসত্ত্ব
আত্মচরিত
আশীবিষ
আত্মঘাতক
আদ্যোপান্ত
আরব্য
আর্ত
আজেবাজে
আর্যভাষা
আজ
আশ্রমবালক
আঙুলহাড়া
আরোহ
আসুরিকী
আত্মাভিপ্রায়
আরশ
আনাজ
আসামি
আরণ্য
আহ্বান
আড়ষ্ট
আদাড়
আশাপূরিত
আত্মবিরোধবিক্ষত
আঁখিকোণ
আউলানো
আলস্যক্লিষ্ট
আলনা
আদর্শবিচ্যুতি
আকুলতা
আভ্যন্তরিক
আলগোছে
আখেরি
আলুনি
আঁতেল
আজ-কাল
আকাশবাণী
আর্ষপ্রয়োগ
আঁটোসাঁটো
আত্মবিপর্যয়
আঙিনা
আলোচ্যসূচি
আত্মবন্দনা
আত্মশাসন
আমানত
আকলনীয়
আগেভাগে
আলোকবিকিরণ
আদ্রক
আত্মধ্যান
আলু
আপৎকালিক
আত্মবিদ্বেষ
আপিল
আবাসিক
আলবাল
আমাশাগ্রস্ত
আউলিয়া
আক্কেল
আক্রান্ত
আত্মসন্ধানী
আনত
আপণ
আজ-নয়-কাল
আচরণিক
আগ্রাস
আমিষ
আতশিকাচ
আচারিকতা
আগ্রাসন
আচষা
আদর্শনিষ্ঠ
আলোকমালা
আগুন
আদিস্থিত
আত্মদর্শী
আঁশালো
আবাসভূমি
আতপত্র
আটানব্বই
আলোকোৎসব
আচকানধারী
আকুঞ্চিত
আলতারাফ
আত্মহত্যাপ্রবণ
আঠালো
আ-কার
আটঘাট
আবর্ত
আকূতি
আহিরিনি
আর্তব
আত্মসংশয়
আচারনিষ্ঠা
আদর
আত্মীয়বিদ্বেষ
আবাসস্থল
আক্কেলমন্দ
আক্ষেপ
আত্মকৃত
আনারকলি
আরোপ
আর্যসমাজি
আস্বাদিত
আর্যভূমি
আওয়াজ
আমন্ত্রক
আহরিত
আশ্রিতপালক
আচরণীয়
আকরিক
আশীর্বচন
আত্মবল
আস্তিন
আহিতাগ্নি
আলিম
আত্মবিরাগ
আচরিত
আত্মবিস্মৃত
আঁধিসাঁধি
আত্মশোধন
আত্মবিস্ফার
আত্মপ্রীতি
আত্মসচেতন
আবেগার্দ্র
আশ্রিত
আত্মপরীক্ষণ
আশীর্বাদি
আউটসোর্সিং
আকম্প
আত্মপুষ্টি
আত্মজয়ী
আত্মক্ষয়শীল
আকাট
আভিরপল্লি
আগমনিগম
আত্মকেন্দ্রিক
আনারসি
আবৃত
আনাড়িপনা
আপন্ন
আলবাত
আখ্যেয়
আবর্জনা
আধবয়েসি
আদিপর্ব
আদায়যোগ্য
আনুপাতিক
আদিগন্ত
আগ্রাসক
আপাতলক্ষ্য
আসঙ্গপিপাসু
আলম্বী
আবর্জিত
আচারিক
আত্মাহুতি
আকাঙ্ক্ষণীয়
আলী
আমূলশীর্ষ
আদ্যপ্রান্ত
আচম্বিতে
আইসোটোপ
আজিমা
আকাশদীপ
আত্মবিৎ
আদ্যস্থিতা
আত্মবিসর্জনেচ্ছু
আয়ুধ
আমন্ত্রণকারিণী
আরক্ষামন্ত্রক
আসমুদ্রহিমালয়
আপতিত
আহত
আত্মিক
আসাসোঁটা
আপৎকালীন
আক্রমণীয়
আনুকূল্য
আত্মপ্রসন্ন
আতিক্ত
আত্মাপহারী
আত্মবিলোপমুখী
আবলুশ
আস্য
আর্যামি
আশ্রমবালিকা
আখনি
আত্মগর্বী
আঁটিসুঁটি
আত্মপ্রত্যয়বান
আনন্দবর্ধন
আম্পায়ার
আকৃতি-প্রকৃতি
আড়ত
আপসমূলক
আদি-অকৃত্রিম
আপসরফা
আঙ্কিক
আজাদি
আস্তিক
আত্মতত্ত্ব
আকাশভ্রমণ
আদেশানুসারে
আত্মবিনাশী
আশরফ
আগে
আস্তানা
আওলাদ
আশ্বস্ত
আসঙ্গলোভী
আকর্ষণীয়
আঙ্গিরস
আত্মানুশাসন
আসাদন
আশ্চর্যান্বিত
আতশবাজি
আত্মসমর্পণকারিণী
আলকুশি
আত্মসাক্ষী
আনন্দহীন
আত্মনাশী
আলম্বিত
আত্মবিস্মরণ
আত্মবলি
আত্মগোপনকৌশল
আশ
আয়াসসিদ্ধ
আত্মপ্রেম
আঁদাড়-পাঁদাড়
আপরাহ্নিক
আলাপ-আলোচনা
আজন্মলালিত
আজন্ম-অভ্যস্ত
আঙার
আত্মদমন
আসঙ্গলিপ্সা
আনন্দদায়ী
আপ্তসহায়ক
আতিথ্য
আদর্শচ্যুত
আঁস্তাকুড়
আধো-আধো
আজন্মপোষিত
আদেশপালন
আলোকপ্রক্ষেপক
আণুবীক্ষণিক
আদিসূত্র
আসুর
আইবিস
আনন্দদায়ক
আধপাগলা
আদুড়
আত্মনিষ্ঠ
আসর
আদর্শবিভ্রম
আঁটুলি
আত্মদহন
আহির
আমন্ত্রণকারী
আঁখি
আত্মবেদী
আত্মবিপ্লব
আখেরিচাহারশুম্বা
আবাহনী
আত্মদাহী
আন্দোলনকারী
আচাভুয়া
আত্মবিনাশেচ্ছু
আসান
আকনি
আগন্তুক
আকাদেমি
আস্তীক
আগারিত
আত্মনিয়োগ
আধপেটা
আশ্রিতবান্ধব
আভরণ
আংটি
আড্ডা
আঙুরলতা
আগ্রহপূর্বক
আদিতান
আমদানিশুল্ক
আলুলিত
আত্মসংযমী
আগাছা
আত্মপ্রকাশকারী
আত্মত্যাগিনী
আবিষ্কার
আদ্যন্ত
আরামকেদারা
আসশ্যাওড়া
আস্ফালনকারী
আরূঢ়
আত্মস্তব
আফগানি
আন্তর্দেশীয়
আয়োজক
আলজিব
আবেগ
আশ্রমিক
আচমন
আমির-ওমরাহ
আগার
আত্মবিলোপপ্রবণ
আলেকুম-সালাম
আত্মতোষণকামী
আদবকায়দা
আত্মনিয়োজিত
আমোদিনী
আমরক্ত
আভরণী
আশাহীন
আর্যরক্ত
আশঙ্কা
আর্থ্‌রাইটিস
আন্তঃরাষ্ট্রিক
আশুকর্তব্য
আলয়
আশংসন
আহারবিহার
আহ্লাদেপনা
আবশ্যিক
আমিত্ব
আদেশক্রমে
আদানপ্রদান
আত্মসংবেদন
আসানড়ি
আততায়ী
আয়তলোচন
আলাপন
আলস্যব্যাধি
আপক
আলস্যপ্রবণ
আত্মসর্বস্ব
আলেপন
আত্মপীড়নোৎসুক
আঁচড়া-আঁচড়ি
আধিকারিক
আরজি
আঁচিল
আজ্ঞপ্তি
আবর্তনধর্মী
আচমকা
আহ্বানগীত
আদ্রিয়মাণ
আলোচনা
আক্কেলদাঁত
আতিরেক্য
আয়ত্তাধীন
আয়ুষ্কর
আঁশ
আকলন
আশাবাদী
আভূমিনভ
আড়ংঘাটা
আইনসম্মত
আত্মেন্দ্রিয়
আপতন
আকাশপ্রদীপ
আজ্ঞাপালক
আধাখ্যাঁচড়া
আত্মসম্বন্ধিত
আদান
আলোড়িত
আশিক
আঞ্জুমান
আয়াস
আত্মপূজা
আত্মহন্তা
আত্মজা
আকাশলীন
আন্ত্রিক
আর্টিস্ট
আড়ি
আইসক্রিম
আবেষ্টনী
আষ্টেক
আবেশ
আখাম্বা
আত্মনেপদ
আকাশযুদ্ধ
আতঙ্কিত
আসঙ্গলোলুপ
আচালা
আত্মপরায়ণ
আত্মখণ্ডন
আত্মপ্রকাশ
আম্র
আশ্বাস
আলস্যকাতর
আত্মপ্রকাশকামী
আগপাছ
আবহসংবাদ
আলোকসংকেত
আদ্যিকাল
আফ্রো-এশীয়
আঘাটা
আর্যসমাজ
আদরা
আলাল
আস্কন্দিত
আধিভৌতিক
আরামলালিত
আপখোরাকি
আবেষ্টন
আলোকবিস্তার
আমেরিকান
আদত
আত্মপ্রশংসালোলুপ
আত্মরমণ
আজ্ঞাপালন
আত্মপীড়নমুখী
আঁজলা
আঁকাজোকা
আরেক
আশঙ্কাজনক
আকাশযান
আগ্নেয়
আইনানুগ
আইনকানুন
আহারান্তে
আকাশবিহার
আমেরিকা
আলগা
আশীর্বাণী
আমন্ত্রণপত্র
আনন্দসন্ধ্যা
আবশ্যক
আজকের
আত্মমর্যাদা
আগমন
আশংসা
আলিঙ্গনকামী
আখ্যায়ী
আত্মবিস্মরণপ্রবণ
আরশোলা
আবেশাকুল
আজাড়
আত্মদৈন্য
আপন
আত্মনিবেদিত
আত্মসংবরণ
আজিনোমোতো
আমাশারোগী
আত্মসংযম
আগ্রহী
আত্যয়িক
আনৃণ্য
আচার
আখ্যাপন
আশ্রিতপ্রতিপালক
আত্মাবলম্বন
আড়ম্বরপূর্ণ
আত্মগরিমা
আত্মাপরাধ
আগাপাশতলা
আমোদ-আহ্লাদ
আগ্রহানুসারে
আত্মসন্ধান
আগ্রহান্বিত
আগডুম-বাগডুম
আধিদৈবিক
আজও
আবেদন-নিবেদন
আক্রমণকারী
আড়েহাতে
আগামী
আয়তলোচনা
আনন্দাতিরেক
আজ্ঞাদাস
আতুর
আকখুটে
আদিসম্ভূত
আদমশুমার
আরবি
আকুপাংচার
আগুপিছু
আনুগত্য
আগুরি
আণ্ডাবাচ্চা
আরব
আত্মকথন
আর্ট
আশা
আবাল্যসহচর
আজ্ঞাপিত
আদর্শভ্রংশ
আত্মঘাতিনী
আঁধি
আফ্রো-আমেরিকান
আনুতোষিক
আলমারি
আহারনিদ্রামৈথুন
আত্মবিক্ষোভ
আবদেরে
আলম্বন
আত্মীকৃত
আত্মসম্পৃক্ত
আত্মভূত
আঘ্রাত
আরক্তবক্ত্র
আসঙ্গপিপাসা
আগ্রহানুযায়ী
আচারাদি
আত্মঘাতী
আংরাখা
আস্ফালনকারিণী
আবে-জমজম
আত্মাভিমান
আত্মদীপ
আত্মবলিদানেচ্ছু
আটাশে
আয়ার্ল্যান্ড
আসলি
আঞ্জনেয়
আত্মোপলব্ধি
আহারসন্ধান
আত্মরক্ষা
আতত
আপদ্ধর্ম
আষাঢ়-শ্রাবণ
আরক্ষাব্যবস্থা
আচারভ্রষ্ট
আলস্যজর্জর
আবর্তক
আখর
আসন্নমৃত্যু
আত্তীকৃত
আশানুযায়ী
আড়মোড়া
আত্মবিরূপ
আত্মশ্লাঘা
আত্মসুখ
আদ্ধেক
আক্রমণ
আত্মসংবেদী
আদেশানুযায়ী
আফিমচি
আয়ুর্বেদিক
আশাজনক
আব্রহ্মস্তম্ব
আয়রনম্যান
আশীর্বাদক
আত্মপ্রকাশোন্মুখ
আখ্যানধর্মী
আত্মপ্রকাশকারিণী
আবহমান
আত্মবিচার
আলোচন
আতঙ্কগ্রস্ত
আদায়িকৃত
আহ্বানধ্বনি
আয়তোষ্ঠ
আত্মলাঘব
আঘাত
আয়ব্যয়ক
আত্মনিন্দা
আশুতোষ
আঠারো
আয়ুষ্মান
আত্মপ্রবঞ্চনা
আলোকসংশ্লেষ
আকীর্ণ
আদিবাসী
আপ্যায়ননৈপুণ্য
আড়তদার
আমদানি
আত্মবিক্রয়
আস্তেব্যস্তে
আপাতদৃষ্টিতে
আজ্ঞালেখ
আক্রমণমুখী
আলসেমি
আপাদশীর্ষ
আকলিত
আধসেদ্ধ
আরোহী
আত্মোন্নতি
আলস্যশিথিল
আজ্ঞানুসারে
আত্মসুখপরায়ণ
আবেগাতিশয্য
আমন্ত্রণকর্তা
আত্মসন্তুষ্টি
আনারস
আশ্রিতসহায়
আমুদে
